# Number of Traces
   26
# TraceId; FractureId1; FractureId2; X1; Y1; Z1; X2; Y2; Z2
  0; 0; 2; 0.235293; 0.967739; 0.190545; 0.258434; 0.460356; 0.932231
  1; 0; 3; 0.407083; 0.792907; 0.190545; 0.589994; 0.441441; 0.443965
  2; 0; 4; 0.840461; 0.519513; -0.0664659; 0.128055; 0.913773; 0.440574
  3; 0; 5; 0.155743; 0.94098; 0.355671; 0.632691; 0.178935; 0.779758
  4; 0; 6; 0.160363; 0.945519; 0.341506; 0.424368; 0.544407; 0.544514
  5; 0; 7; 0.449954; 0.708947; 0.252369; 0.329511; 0.606678; 0.597042
  6; 0; 8; 0.383283; 0.89268; 0.0747309; 0.559536; 0.37669; 0.590741
  7; 1; 3; 0.712514; 0.416424; 0.443965; 1.08814; 0.44643; 0.357881
  8; 1; 4; 0.85174; 0.345608; -0.0664659; 0.554715; 0.347753; 0.152702
  9; 2; 3; 0.204178; 0.694743; 0.303164; 0.195079; 0.522076; 0.443965
  10; 2; 5; 0.297777; 1.22439; 0.303164; 0.143902; 0.0402232; 0.667349
  11; 2; 6; 0.162013; 0.344039; 0.433417; 0.338131; 1.39594; 0.369168
  12; 2; 7; 0.283902; 0.604473; 0.932231; 0.14992; 0.323377; 0.377919
  13; 2; 9; 0.397428; 1.24688; 0.932231; 0.179673; 0.318119; 0.579654
  14; 3; 4; 0.807371; 1.02975; -0.0664659; 0.148244; 0.531639; 0.443965
  15; 3; 6; 0.106704; 0.646971; 0.357762; 0.229584; 0.51503; 0.443965
  16; 3; 7; 0.449043; 0.707708; 0.252369; 0.27533; 0.50569; 0.443965
  17; 3; 8; 0.349927; 1.01663; 0.0194716; 0.548778; 0.374422; 0.504822
  18; 4; 7; 0.400631; 0.64188; 0.252369; 0.33813; 0.565777; 0.302152
  19; 4; 8; 0.316333; 1.33838; 0.281253; 0.563025; 0.0921948; 0.158803
  20; 5; 8; 0.519984; 0.57291; 0.604604; 0.571906; 0.379297; 0.689539
  21; 5; 9; 0.206176; 0.304783; 0.595174; 0.456191; 0.143736; 0.733951
  22; 6; 7; -0.213147; -0.182278; 0.310841; 0.506958; 0.838592; 0.544514
  23; 6; 8; 0.327681; 1.34077; 0.371883; 0.56649; 0.378155; 0.646282
  24; 7; 8; 0.433433; 0.654784; 0.0747309; 0.480886; 0.836269; 0.730168
  25; 7; 9; -0.15622; -0.115306; 0.252369; 0.424639; 0.781205; 0.850201

--------------------------------------------------------

# FractureId; NumTraces
   0; 7
# TraceId; Tips; Length
   3; 1; 0.994002
   2; 1; 0.959194
   0; 1; 0.898928
   6; 1; 0.750718
   4; 1; 0.521346
   1; 1; 0.470326
   5; 1; 0.379163

# FractureId; NumTraces
   1; 2
# TraceId; Tips; Length
   7; 1; 0.386527
   8; 1; 0.369138

# FractureId; NumTraces
   2; 6
# TraceId; Tips; Length
   13; 0; 1.01702
   12; 0; 0.63579
   10; 1; 1.24842
   11; 1; 1.06847
   0; 1; 0.898928
   9; 1; 0.222983

# FractureId; NumTraces
   3; 7
# TraceId; Tips; Length
   7; 0; 0.386527
   15; 0; 0.199847
   14; 1; 0.971133
   17; 1; 0.829177
   1; 1; 0.470326
   16; 1; 0.328172
   9; 1; 0.222983

# FractureId; NumTraces
   4; 5
# TraceId; Tips; Length
   19; 1; 1.27625
   14; 1; 0.971133
   2; 1; 0.959194
   8; 1; 0.369138
   18; 1; 0.110346

# FractureId; NumTraces
   5; 4
# TraceId; Tips; Length
   10; 1; 1.24842
   3; 1; 0.994002
   21; 1; 0.328181
   20; 1; 0.217705

# FractureId; NumTraces
   6; 5
# TraceId; Tips; Length
   11; 0; 1.06847
   22; 1; 1.27096
   23; 1; 1.02905
   4; 1; 0.521346
   15; 1; 0.199847

# FractureId; NumTraces
   7; 7
# TraceId; Tips; Length
   25; 0; 1.22415
   22; 1; 1.27096
   24; 1; 0.681753
   12; 1; 0.63579
   5; 1; 0.379163
   16; 1; 0.328172
   18; 1; 0.110346

# FractureId; NumTraces
   8; 6
# TraceId; Tips; Length
   23; 0; 1.02905
   6; 0; 0.750718
   24; 0; 0.681753
   19; 1; 1.27625
   17; 1; 0.829177
   20; 1; 0.217705

# FractureId; NumTraces
   9; 3
# TraceId; Tips; Length
   25; 1; 1.22415
   13; 1; 1.01702
   21; 1; 0.328181
